wave flux err
6107.0 14.565499046261316 7.537062110649029
6109.8 10.477510193750113 7.5108476645471525
6112.6 13.232375178602995 7.443045921374433
6115.4 14.662468161165021 7.353862785936027
6118.2 14.653324456948722 7.345655674754795
6121.0 4.963554844096555 7.319903940903695
6123.8 12.323443212700177 7.2684187113226
6126.6 1.5186536088074583 7.275515019124468
6129.4 10.813643986421296 7.3199452245821615
6132.2 20.707301466105886 7.421950844478576
6135.0 7.051109827952685 7.587297674018833
6137.8 4.50562043279998 7.7915300727933925
6140.6 16.064366341317225 6.26513830405529
6143.4 11.222815670907323 6.014230966511235
6146.2 11.430490143898389 5.908217250839372
6149.0 9.114424418222848 5.772033684855494
6151.8 9.302449279175427 4.794827522569927
6154.6 2.695566474271653 4.8039671769120185
6157.4 8.020205189971138 4.832861831420193
6160.2 11.782317602533109 4.793487864829997
6163.0 9.877020252790606 4.776654381856076
6165.8 12.790135565627057 4.891530954370476
6168.6 17.080354404730173 5.004542163355631
6171.4 12.722986008038385 5.022992737485007
6174.2 5.672197634659332 5.022813130051439
6177.0 11.529971606039041 4.907730386832372
6179.8 16.740998047668214 4.761659186670743
6182.6 12.528889796649628 4.65957291139286
6185.4 5.427522339074291 4.641231770396807
6188.2 11.657068796122871 4.653921087855865
6191.0 10.637800055775553 4.611503541470981
6193.8 12.572256936022557 4.657398660781108
6196.6 16.677227723796314 4.777959458037827
6199.4 8.82087338780834 4.821779871406262
6202.2 4.498878704575463 4.853485167777598
6205.0 14.677804743122822 4.835513493748947
6207.8 20.171061030994494 4.782683439310902
6210.6 14.341535757268659 4.677638551827189
6213.4 18.145428159913745 4.681138261348398
6216.2 12.606720434824272 4.812951354396963
6219.0 9.548722412606239 4.903777382709482
6221.8 5.083334305745833 4.884482679001371
6224.6 8.717333269043046 4.888676649449458
6227.4 11.05741451270257 5.016947377377189
6230.2 11.571569895425771 5.564504792018918
6233.0 11.12878193155919 6.202084893885103
6235.8 18.285869475293577 6.644519064179389
6238.6 6.23920937803507 6.698507227113379
6241.4 2.2286774976376593 6.367453393422189
6244.2 19.962634584718728 5.770923920399407
6247.0 5.233310548407681 5.24225071275984
6249.8 14.21837941563905 5.177077329539751
6252.6 24.530114436295236 5.50048060200967
6255.4 10.285345829024585 5.933319730957336
6258.2 15.696475807399748 6.2296300228282675
6261.0 10.887279247485907 6.276831163486869
6263.8 5.29916528220978 6.033645279762421
6266.6 12.114777505515567 5.607484234524707
6269.4 16.8980339477392 5.300527661029311
6272.2 10.749364759114524 5.139278567804423
6275.0 12.342367770530872 5.012698392565093
6277.8 12.627082312671853 4.969751237573794
6280.6 3.8301063618596265 5.163875186860022
6283.4 9.216243799435903 5.51667200366888
6286.2 12.36660384079889 5.722513610581875
6289.0 15.119283089727954 5.8158288058602885
6291.8 11.253878441594837 6.647358477815982
6294.6 21.493922557655416 10.19838087925717
6297.4 47.318617943992066 12.62456375134878
6300.2 17.795306446297534 13.666622127042455
6303.0 -8.503641175789038 13.442193483608227
6305.8 9.962005054644962 11.504896757640827
6308.6 6.60725467166911 8.560157627466268
6311.4 10.320507932407583 6.140816723091304
6314.2 12.2942427257765 5.153672104114381
6317.0 16.823865161136823 4.897899452099185
6319.8 16.265769219844625 4.9407527278058865
6322.6 11.795072381475544 5.260854447233916
6325.4 4.153659698481989 5.698531860173412
6328.2 11.541207663808613 5.807705078707138
6331.0 15.778500643160651 5.732147550660391
6333.8 15.425568677882087 5.482488230270103
6336.6 10.407894716669125 4.9776592916492275
6339.4 14.766022014295729 4.614444078871258
6342.2 16.524342995122016 4.621329129238394
6345.0 7.951090866447566 4.772163694918888
6347.8 10.791432239034245 4.889595835680145
6350.6 12.478519703703535 5.102147256115411
6353.4 11.79704050808601 5.323513504808631
6356.2 17.362141028637218 6.054684303731994
6359.0 -2.1271212254019063 7.61430694366785
6361.8 17.79198186630194 8.38510481892401
6364.6 8.011157872700624 8.37102745854184
6367.4 14.513409057412757 7.897954183767665
6370.2 9.631753709898367 6.646233207598312
6373.0 12.59439401932155 5.28656602459292
6375.8 15.063895875312244 4.502979038226068
6378.6 9.419863046070926 4.55555931139971
6381.4 15.652535227258165 4.735305029261677
6384.2 18.157964078220434 4.8266697590641945
6387.0 19.090126417060116 4.77262547351318
6389.8 14.884934686092846 4.688162004905919
6392.6 14.06628624067813 4.466681564766051
6395.4 13.548658483766756 4.285428825765645
6398.2 12.085920932205784 4.172277560923235
6401.0 10.00660175228371 4.142625792880356
6403.8 10.320565285837905 4.116116106572607
6406.6 11.17633565536853 4.16144744974156
6409.4 11.856296318832348 4.271347302951375
6412.2 5.08290306673471 4.319337594397577
6415.0 8.275906011633323 4.346647068962164
6417.8 3.3987094779610993 4.3820060075349785
6420.6 3.634430150720918 4.375006007444217
6423.4 8.68406039138146 4.3033806574413225
6426.2 10.529540839778784 4.21032445296876
6429.0 10.697449923436535 4.090767010533693
6431.8 6.701191303356535 4.030288176921946
6434.6 8.962243980222048 3.995480167072339
6437.4 6.946629085883153 3.9830110877957066
6440.2 9.855140943430822 3.9785636622729754
6443.0 7.003967794732107 3.9803950938392005
6445.8 9.280183626650018 4.009297714918447
6448.6 11.451417446830614 4.0946680361204395
6451.4 9.698525100103938 4.17894818046961
6454.2 12.497329623374185 4.270393686056575
6457.0 6.823799023243477 4.498589342793233
6459.8 5.731728924261901 4.8029609748127955
6462.6 20.66926497859393 5.21613390023738
6465.4 19.192542576653068 5.503169939238683
6468.2 17.757583221525326 5.5148406901070235
6471.0 16.942455283405135 5.366902205117327
6473.8 14.462648334764177 5.06261116905204
6476.6 13.914780988024495 4.623187342477221
6479.4 9.125181895172323 4.290305610617126
6482.2 12.016238945998694 4.083030697210107
6485.0 12.943454018289989 3.9492382565888557
6487.8 10.932329285345816 3.880934643444907
6490.6 9.678727047853442 4.071237035002813
6493.4 14.74326405851267 4.682142050543069
6496.2 9.509382417445371 5.207463250660035
6499.0 9.115233079996596 5.508748959218959
6501.8 7.5566516108022554 5.6261926149430685
6504.6 8.653150419184978 5.27364707666436
6507.4 12.246903847871456 4.779131533000153
6510.2 12.843825126766177 4.402698848446141
6513.0 19.11821100710328 4.106933058333384
6515.8 11.422113889706102 4.078911206594886
6518.6 3.7484620302969702 4.189196046200333
6521.4 6.591568392158909 4.217393633361925
6524.2 7.430801784752179 4.293921239885489
6527.0 14.176131893377768 4.6051170717665295
6529.8 12.864847198964844 4.883885677777214
6532.6 8.026983232474144 4.970926965652664
6535.4 5.115216225958992 4.98762769600705
6538.2 7.102430866039838 4.904110120905396
6541.0 10.94591758691827 4.624248717854013
6543.8 10.412683045963968 4.451478439025247
6546.6 10.394763645194327 4.683252718575118
6549.4 10.213523576077538 5.054964323851429
6552.2 9.326617078123162 5.189393431809669
6555.0 8.427339108069948 5.230609916851872
6557.8 7.044624348451178 5.214370725764726
6560.6 5.586034683710456 4.97473098439167
6563.4 3.6789357848294633 4.750194887535563
6566.2 10.964613874790986 4.7433221753074335
6569.0 14.6172069478963 4.724351393978747
6571.8 11.226114375038806 4.899704119135974
6574.6 6.667601620393491 5.043848850902494
6577.4 12.235413518194193 4.998308220531731
6580.2 18.150192683536673 4.841273792166363
6583.0 15.390148605775481 4.497980619867647
6585.8 15.79525422677693 4.06558872581752
6588.6 13.354494062222946 3.8345648568575252
6591.4 11.213801924568552 3.9044424591894793
6594.2 17.139269630796235 4.00351517765035
6597.0 11.067736528615827 4.1634429978645064
6599.8 4.665003443706635 4.342087351804149
6602.6 5.17256321378876 4.399775543136183
6605.4 4.989724388027797 4.3338309574620375
6608.2 9.95594993124643 4.164600104825373
6611.0 12.820014860034556 3.8886461362497298
6613.8 11.95899602633561 3.6899416962318856
6616.6 14.655844568899585 3.6263111823704146
6619.4 13.108077739442349 3.6361199777765942
6622.2 15.68738486675849 3.694926388528043
6625.0 12.782795736763413 3.784284524804744
6627.8 7.520255341592381 3.9114781125258253
6630.6 13.965032668167078 4.001564423709226
6633.4 8.741831397302878 4.013058597308414
6636.2 10.762305761379636 3.979278405315739
6639.0 17.2065768249735 3.8668419268156615
6641.8 15.188666828081761 3.704806007828107
6644.6 15.410970284235749 3.6299279979808716
6647.4 10.194735096740999 3.5918796967332853
6650.2 6.62332996734626 3.5997655216980076
6653.0 8.738097293157608 3.60029279645869
6655.8 9.601720077971969 3.611555725528595
6658.6 12.315764313051885 3.6653105384198144
6661.4 14.396477625405625 3.6948877928526076
6664.2 15.491078493378295 3.721290881201501
6667.0 12.154528884385833 3.7219755625561084
6669.8 7.315184943443385 3.7487872006695038
6672.6 16.58875092668804 3.6913052203246335
6675.4 13.438321469467665 3.6172090491921356
6678.2 8.197881614214097 3.5767790358196785
6681.0 15.362081166077948 3.550618445592119
6683.8 15.462093419556378 3.605684571040111
6686.6 11.920288951334655 3.6078232426061967
6689.4 11.633146704924831 3.6086639494884434
6692.2 12.123376416056074 3.6273435301769856
6695.0 11.238613359027456 3.5853535083256283
6697.8 10.98850444830626 3.6296267358142744
6700.6 11.39475291419369 3.6956964514969246
6703.4 14.702454558525984 3.6785015534679513
6706.2 16.06519289959108 3.6671050836508807
6709.0 10.576949821093198 3.7094937078883468
6711.8 11.379687909053146 3.6646907223591723
6714.6 12.245085420108449 3.6489705285702816
6717.4 16.658260271820442 3.64598575169066
6720.2 13.951174709122093 3.540030006876764
6723.0 10.551508035524076 3.5388328124652806
6725.8 9.009855353831766 3.521138951934165
6728.6 10.750551990779602 3.5223816435951543
6731.4 13.188653279961713 3.529386486636734
6734.2 14.021162763112347 3.537973430572192
6737.0 12.138050892254352 3.5414827290092754
6739.8 13.449028877634328 3.5908811751587737
6742.6 11.027541379686916 3.5821718417331994
6745.4 6.273060711610705 3.5827145420287927
6748.2 13.240007657819067 3.5392296330877526
6751.0 13.318424185426741 3.499437799834285
6753.8 15.780774652904709 3.46827362566369
6756.6 15.592499652720521 3.4450260200100917
6759.4 13.73479307850745 3.4745607745956537
6762.2 8.413051276932725 3.4639239193263673
6765.0 15.30940432847738 3.439488258076666
6767.8 14.11661709475276 3.427929554418082
6770.6 16.660747370541213 3.3889525391695865
6773.4 12.866703344177417 3.4028627778579574
6776.2 16.26409231669216 3.3884869260511157
6779.0 13.90641104110973 3.3964282693562993
6781.8 11.280973200052838 3.4386947429192665
6784.6 12.425336236160483 3.4593719418570203
6787.4 17.950643717560798 3.4591966877981366
6790.2 13.497856015276835 3.435046094979592
6793.0 6.453050854826718 3.386868800362154
6795.8 10.39261679283183 3.332504992447464
6798.6 16.48601720696104 3.3408252895991506
6801.4 18.919984005762828 3.3391788751585647
6804.2 19.465747339121474 3.3596638140199766
6807.0 9.416573417434941 3.3663033738976593
6809.8 12.36079499533129 3.368636981260653
6812.6 15.064038691736114 3.358901242216422
6815.4 12.028649868225921 3.339525799895067
6818.2 12.849279849829262 3.375095470340375
6821.0 7.277705944930506 3.8538950990903538
6823.8 10.315051506780465 4.833861183360736
6826.6 25.36613311950366 5.781213407069591
6829.4 16.394502369637166 6.530003141739491
6832.2 7.245296831983333 6.717997909966938
6835.0 18.287794500706948 6.417595104836727
6837.8 11.31644496360733 5.802202841651806
6840.6 18.500635861439147 4.993253152010713
6843.4 23.362575492380845 4.350629190649257
6846.2 17.385053243070608 3.9901181757459874
6849.0 12.345711022246979 3.7211518123814376
6851.8 13.33879094717318 3.479123485623408
6854.6 14.979484580557113 3.653768708168345
6857.4 5.091074548635442 4.697393254784466
6860.2 15.790325500544501 5.810354769788002
6863.0 18.942840170898585 6.423745644563215
6865.8 11.942887027009819 7.158598114488243
6868.6 9.789164657032876 7.799214754896696
6871.4 18.347049849098603 6.322244764750927
6874.2 13.166843231599302 4.932332698923033
6877.0 12.425602645610274 4.4248514310622795
6879.8 13.921655896427069 4.18184896316609
6882.6 16.8970557149653 4.367265215155284
6885.4 25.692736001336296 4.806863008757706
6888.2 16.96767745188417 4.922759430224961
6891.0 19.135070851099858 4.777656962484439
6893.8 13.21544858970829 4.743856595909756
6896.6 8.286591723361774 4.707229083787247
6899.4 12.518326950183166 4.487103758072161
6902.2 14.004077480654363 4.380507501773735
6905.0 12.726067750166612 4.502726905906057
6907.8 13.389734648353611 4.587529215390141
6910.6 17.4930011231632 4.556835133796877
6913.4 13.379250309599227 4.656141766470948
6916.2 17.72242239938241 4.948553844160107
6919.0 19.41689623540064 5.373859556719508
6921.8 17.69212376036245 5.362550480504912
6924.6 19.078132427211205 5.4369740354477685
6927.4 17.709386887134894 5.147640050226278
6930.2 12.882055492862484 4.349965832622006
6933.0 7.61248891326604 4.071834272996001
6935.8 15.673724752094667 4.204118389357123
6938.6 13.708760680195375 4.4305195028631745
6941.4 11.656467383288845 4.883336429331655
6944.2 2.264142714291035 5.4378247589276425
6947.0 5.367514857793752 5.681987720282382
6949.8 14.529785356965236 5.6269342488882454
6952.6 17.417666740717145 5.374644907351201
6955.4 17.614758633681106 4.677070036967413
6958.2 18.390082218702098 3.8363376974687213
6961.0 16.369733283952655 3.5956450771840314
6963.8 15.061189985767545 3.7907762803155816
6966.6 16.271259780601635 3.980332697234614
6969.4 15.617459127050243 4.164450208786886
6972.2 9.52554873450185 4.585920183604499
6975.0 13.3318640497678 4.859192547547253
6977.8 18.338821986496797 4.829322742179852
6980.6 12.181638344806863 4.73326208365088
6983.4 8.94446782230222 4.412645537988951
6986.2 10.85047995439649 3.8532804902822244
6989.0 15.076777656208089 3.5404994486567714
6991.8 14.998122312069762 3.450245790553529
6994.6 17.32090732403042 3.496324053998989
6997.4 18.651942184016058 3.6461685474749763
7000.2 17.178906957131 3.8142663329366515
7003.0 16.74637725846818 3.979248523188165
7005.8 14.428010907134205 4.1870844265731355
7008.6 9.799027820670444 4.266183302083735
7011.4 12.536695385046482 4.118256026784384
7014.2 19.815977037531226 3.974541653817744
7017.0 12.07865591068768 3.7372642317666243
7019.8 11.820303633640004 3.4032113351398645
7022.6 12.448080543960907 3.289895090154195
7025.4 9.17457598805393 3.290031772826132
7028.2 11.508246360284959 3.319022868932839
7031.0 16.008309484796683 3.291730079440361
7033.8 12.794709467051849 3.335171066263766
7036.6 12.775351554348074 3.4262162969085628
7039.4 13.700232789700259 3.5202753828644036
7042.2 11.498911450698259 3.8006661057207216
7045.0 15.824663467039395 4.077112423791333
7047.8 12.292202622292775 4.164105550934983
7050.6 15.941426631414137 4.148199997842285
7053.4 15.560087393082556 3.9679451802896795
7056.2 17.427338002403033 3.7067595347499562
7059.0 17.902779017516067 3.5816145938756954
7061.8 14.32939916244715 3.570601416290442
7064.6 11.14919465592407 3.6146937694827823
7067.4 9.805894936446588 3.655972232970195
7070.2 14.385303872454442 3.656600871563731
7073.0 14.962606299135857 3.649896176717643
7075.8 15.326180346041461 3.661216990835287
7078.6 17.45902260826461 3.6664049374300984
7081.4 18.630531037056464 3.6940001086927414
7084.2 15.79765409455091 3.8207091174271706
7087.0 13.666299435705286 3.831278625845925
7089.8 15.627912322776917 3.761839731917568
7092.6 14.272711223205942 3.653941144975807
7095.4 11.17667532122708 3.4977353053841655
7098.2 14.700802636200908 3.316863232482752
7101.0 18.08837882715605 3.266388091161413
7103.8 19.07103623328807 3.2691928235552283
7106.6 8.948845885173423 3.273761295078139
7109.4 10.940146649963184 3.256232732831024
7112.2 16.307964287210638 3.248218779034523
7115.0 14.794597488734802 3.234686103068758
7117.8 13.468516729888837 3.236391140886834
7120.6 11.418044691067886 3.2868808896290047
7123.4 16.33985143761807 3.339336195273983
7126.2 17.2309205527539 3.425606875853918
7129.0 11.06679713704611 3.4812510209348524
7131.8 12.939994702040693 3.4428822713973983
7134.6 11.917141117735447 3.4315710631742835
7137.4 13.588247751773295 3.4882123511995653
7140.2 17.302619887567744 3.6105599110771274
7143.0 17.116774066268153 3.7343657191083595
7145.8 14.947173429889014 3.800382483670205
7148.6 13.316606350471627 3.751779873135675
7151.4 10.364370752959578 3.6008402646792326
7154.2 15.875675407378845 3.440841937496267
7157.0 17.139251219259066 3.4353924513497467
7159.8 14.538205120546188 3.478355454711989
7162.6 11.74697188011739 3.5123928764025107
7165.4 12.759124262874606 3.5738389366121988
7168.2 10.888555747149239 3.562651112268314
7171.0 10.821937745881389 3.5492291419896325
7173.8 13.15624693829796 3.547798430196788
7176.6 13.466942680895903 3.517058534578233
7179.4 11.831315555801151 3.4958748553288594
7182.2 13.976178259669872 3.4086714744888855
7185.0 10.864580627485703 3.304921571695465
7187.8 12.99209060139998 3.1970334066018613
7190.6 14.86742424616457 3.1160234223074443
7193.4 16.880555289416716 3.110095292976473
7196.2 16.521193147496458 3.129530475070568
7199.0 16.500134287693143 3.1279831849048105
7201.8 13.805754614218419 3.116347203563876
7204.6 15.380751715969025 3.1244175557342357
7207.4 16.507891080143498 3.10361064167492
7210.2 15.410508943750333 3.0734068184844707
7213.0 18.718111389576872 3.0863792940030703
7215.8 12.2539607664446 3.1350404885408243
7218.6 12.896091083242963 3.221479299994522
7221.4 13.818981613296502 3.321326914644447
7224.2 12.04907498457418 3.3992840113360585
7227.0 13.72544699303684 3.414930731030075
7229.8 19.639761957779637 3.558235557671766
7232.6 16.348647337086117 4.5634198920704065
7235.4 10.942175472054462 6.267089637413426
7238.2 18.03154695678016 7.785723022936521
7241.0 10.042886853744378 8.728793137572572
7243.8 11.70745869617051 8.832208826151634
7246.6 8.675865749829759 8.196017605862174
7249.4 21.45828785001148 7.050337413555167
7252.2 15.790351269297004 5.650431718884275
7255.0 10.850039019049511 4.736062192082034
7257.8 14.862922276469725 4.3011792692480775
7260.6 10.167366779574945 3.9300489156536114
7263.4 16.344166475165867 3.6952042578324766
7266.2 16.00597263865554 3.8300946511322183
7269.0 18.72649971833564 5.181042812017923
7271.8 17.877690335576638 6.995768386351696
7274.6 19.89966047342817 7.851324095155614
7277.4 10.179526477254797 8.34280210749249
7280.2 9.215172038864603 8.248499344034782
7283.0 14.578799767690688 7.165676708128269
7285.8 15.402358569494586 5.967332079591346
7288.6 21.493515192069562 5.393954304433512
7291.4 16.57725404604475 4.831987288613647
7294.2 19.167666458466094 4.38835522789764
7297.0 16.093791627424977 4.57088421491224
7299.8 13.905582487714463 4.914372766764055
7302.6 15.227134102731593 4.931348924660548
7305.4 13.262762938816024 4.831375050120123
7308.2 12.306020692424429 5.213542770923786
7311.0 9.197536069084538 6.222813170183827
7313.8 16.84334438592367 6.823671049907212
7316.6 20.083875919926097 6.9026023996335075
7319.4 12.983047287194992 6.693104617298516
7322.2 7.251588246964391 5.998126403185772
7325.0 10.373887081010363 5.354261230296317
7327.8 13.55272601569722 5.166816041634395
7330.6 15.37196663051658 5.253463364560605
7333.4 13.225666887434018 5.982603891334374
7336.2 11.910698145421742 6.963702549390216
7339.0 3.8026409496128104 7.39077824232169
7341.8 2.165455178553486 7.46191413098958
7344.6 11.093648386574806 7.132271118457492
7347.4 13.358084901490201 5.645229869896239
7350.2 9.089329176388066 4.495206651642826
7353.0 14.507007493354141 4.581417054318115
7355.8 11.947002285880876 5.018929603845555
7358.6 13.654932602688378 5.176252418799284
7361.4 9.8132399471476 5.697927724278144
7364.2 9.809011396071487 6.509846885050129
7367.0 19.378838076349805 6.808542367966776
7369.8 13.985354835449774 6.808461688618655
7372.6 6.134039794714456 6.601117734863316
7375.4 8.667538602105502 5.464316113992095
7378.2 14.460555634330136 4.013948266325902
7381.0 20.914384782652768 3.3890497136319238
7383.8 21.391892062683713 3.505802375230797
7386.6 14.226651919853762 4.1103160733063575
7389.4 19.306565848207885 4.500860208652561
7392.2 17.37076836209038 4.758897245266374
7395.0 8.231532351612387 5.344919084308743
7397.8 19.283426611130107 5.81007725059905
7400.6 19.2988243518232 5.790408624909365
7403.4 16.149655154518438 5.661484939239858
7406.2 16.657308501900996 5.242463242571058
7409.0 15.358851968497412 4.2398058997366475
7411.8 14.108327352720854 3.4372308815277943
7414.6 19.0427487843218 3.3022166769447203
7417.4 19.387204985599677 3.287613508527592
7420.2 13.482183015147898 3.2962605392010573
7423.0 13.996366974105069 3.5237434306506765
7425.8 11.965922857240614 3.815927620243164
7428.6 10.589916603143775 4.017539154477608
7431.4 8.482931290586867 4.469112406766209
7434.2 12.38722714319407 4.858755053860598
7437.0 13.274040052546479 4.868697842975492
7439.8 9.776957833773691 4.73088176310381
7442.6 11.16076357403366 4.382516721664921
7445.4 16.142811126049015 3.7363178011096907
7448.2 19.730320445421054 3.191039224192303
7451.0 10.48014168174723 3.053834695076459
7453.8 8.152472357484095 3.1528263973624795
7456.6 7.37816537432229 3.3465726174130594
7459.4 20.978680378082082 3.6222277667465224
7462.2 12.131966991551916 3.9551107898468527
7465.0 6.546797497691763 4.378015261308333
7467.8 22.7839257699217 4.77573313102152
7470.6 16.97103639791462 5.027912537143101
7473.4 11.311606791279644 5.258946209051632
7476.2 9.186413344533351 5.48742487520411
7479.0 13.537357815243983 5.529199558521079
7481.8 15.020080843283315 5.346836962715186
7484.6 16.042668971042254 5.036630337171828
7487.4 14.054490771036024 4.6107669541038225
7490.2 21.342225588821172 4.083521328682577
7493.0 17.681642694823275 3.7012139265604262
7495.8 15.624014748019503 3.5804547896133174
7498.6 17.366643937675107 3.4800178700329107
7501.4 12.911862021857353 3.2572688880460787
7504.2 19.544837854333228 3.124414771244619
7507.0 18.272747530712035 3.1031342083425484
7509.8 13.518599116082452 3.156240952844739
7512.6 19.2297635366249 3.289825792804621
7515.4 16.59680090675761 3.8791104937051597
7518.2 15.773585820543428 5.183179765792674
7521.0 12.79792654130508 6.10313723823585
7523.8 19.260645171549786 6.440914760135199
7526.6 16.374248352979002 6.47570450839483
7529.4 7.0794890723654085 5.8622891099861425
7532.2 11.180730234297567 4.851021680386802
7535.0 16.709758171392696 4.189332369144041
7537.8 14.694320831931629 3.8032520138826054
7540.6 12.702015481742901 3.555382055980138
7543.4 17.341626378803063 3.454746637098321
7546.2 16.4208015402226 3.366303915629226
7549.0 17.222431183111315 3.3792023562260654
7551.8 18.196401177391017 3.6835663516688513
7554.6 9.70037280397845 3.9179821097802607
7557.4 8.274390245766593 4.0086904432873975
7560.2 9.52951919291408 4.017245029237071
7563.0 14.866147488397765 4.096050098209982
7565.8 15.84510453770431 4.7501865050253045
7568.6 15.755245467387125 5.371118563452476
7571.4 20.7782495491489 5.567674892586405
7574.2 13.925303332827376 5.4678265316719505
7577.0 18.34755103645361 4.901435203731166
7579.8 18.380949650580877 4.258135340118409
7582.6 11.041383452791178 4.02971689832723
7585.4 18.000355493777654 4.076020422158937
7588.2 17.844166869368724 4.176387760528776
7591.0 12.301259806384662 4.53889131557771
7593.8 18.848607048602158 5.84283207944326
7596.6 25.777149881922302 8.047951454345158
7599.4 16.080154015057957 10.249805200530155
7602.2 15.105802618263747 11.823938790137028
7605.0 22.700359803498195 10.646257760998308
7607.8 18.85648712649879 8.48785244431827
7610.6 8.376960367783985 7.215565971189763
7613.4 16.885911215141782 6.52418547357881
7616.2 15.140245736784834 5.5459955635166365
7619.0 15.774415298516315 5.33853896976347
7621.8 15.195202741999491 6.451160655509159
7624.6 18.864674507302404 7.610099688345973
7627.4 22.54016391366852 7.827982844361355
7630.2 13.877677988345184 7.4103411850926655
7633.0 12.416142939339364 6.631504584432984
7635.8 14.395349534171295 5.827639838489295
7638.6 14.338216623522836 4.93189114718805
7641.4 10.856460242247296 4.598351862204611
7644.2 13.512731715037125 4.624866380417298
7647.0 16.598585310911513 4.567972470886783
7649.8 16.23104621412477 4.751921608291697
7652.6 8.347714600321826 4.509792626651352
7655.4 12.262886421317228 4.777119444506689
7658.2 15.621319925364439 4.8882370757412295
7661.0 16.034719694247393 4.732832530407701
7663.8 16.914757748569862 4.555138987961987
7666.6 15.576538606198376 4.239963053525854
7669.4 16.503793396122575 3.7293324406568114
7672.2 16.67332368044016 3.3815907151286506
7675.0 18.428918503496366 3.301534299758228
7677.8 16.730715105908065 3.405328467199061
7680.6 15.506967125157484 3.5395369022638343
7683.4 14.60744923863588 3.745462475075128
7686.2 13.715301795019133 3.8721246995027516
7689.0 10.099553574564663 3.971081186150491
7691.8 7.020156947766211 4.033374212009382
7694.6 12.574090519814948 4.125542210417035
7697.4 17.755663395699536 4.095741756269807
7700.2 19.022342484640763 3.9629102797418643
7703.0 16.892761789430455 4.080839902734987
7705.8 15.144459478760254 5.23253270467062
7708.6 19.458348555630423 7.256164372849082
7711.4 20.0111808381041 9.034245145412939
7714.2 21.137762078446137 9.861710281463703
7717.0 12.191109536048401 9.848925285099234
7719.8 7.752404044090046 8.953039289973146
7722.6 20.718825347019607 7.416011649894806
7725.4 18.221325575185823 5.914031805418243
7728.2 8.161769415506308 5.143842174784052
7731.0 6.318610543891596 4.7243110941507505
7733.8 10.056125534318555 4.3051869346180425
7736.6 17.778780119878178 4.006843485731049
7739.4 17.897045143141707 3.992693152126389
7742.2 8.446897632735219 4.892762878226764
7745.0 11.363389270612224 7.073552887659639
7747.8 5.354089678211304 8.398571488338943
7750.6 2.2425794874951706 8.977117422882282
7753.4 2.0152814745085217 9.415423812552897
7756.2 19.60244980340631 8.543341747686721
7759.0 13.83181852000563 6.883066788556354
7761.8 17.916921301107763 5.923115418525901
7764.6 22.66285716382409 5.423000798648205
7767.4 19.734535340209696 5.156891714596287
7770.2 14.47685196865511 5.244224298208702
7773.0 21.45478508398168 5.70688213110635
7775.8 21.73995501896716 6.1599072522603775
7778.6 14.36979843146921 6.060739826031907
7781.4 14.15680520017453 5.5306037032686906
7784.2 20.345723264613824 5.3259715280205135
7787.0 24.40009181013364 6.0145382200240025
7789.8 14.233709083158072 7.153441484434167
7792.6 1.259819356612425 7.615196286457226
7795.4 8.115873035193848 7.621447415725302
7798.2 21.04837712386023 7.075923161450613
7801.0 20.398716106208333 5.916733735636825
7803.8 16.748981765862233 5.462736868184924
7806.6 17.494465529331777 5.5813587925558
7809.4 12.481356971875309 5.740259126928321
7812.2 11.820113636134952 5.960865311795609
7815.0 9.95335039958558 6.915231433085024
7817.8 13.607743296003944 7.924631444867974
7820.6 26.857468204746063 8.273492075521824
7823.4 25.188497818503265 8.241724980443694
7826.2 19.037873260118253 7.281600985263879
7829.0 22.94045363246018 5.1826838274561
7831.8 14.508199114106116 4.0252011769121365
7834.6 14.224166523099216 4.3814153838393
7837.4 18.94277077492918 5.12572514195175
7840.2 17.91727272007177 5.405042552857404
7843.0 16.000126484896203 5.6561955003916875
7845.8 4.524116022008106 6.797993456844666
7848.6 12.23012350162771 8.154861535795687
7851.4 14.341847428508045 9.018018934299622
7854.2 18.015262620346434 9.574233590535796
7857.0 10.213848976314322 9.45898195456039
7859.8 7.8057143700201745 8.173953016878317
7862.6 18.73592290534218 7.3432445918665445
7865.4 20.10620890445338 7.386503933085641
7868.2 17.43548678597842 7.19333585752353
7871.0 13.510248995658227 7.20125390752714
7873.8 8.298310401793962 7.31133331677329
7876.6 -0.13620153740372407 6.952318516936579
7879.4 15.667329884050345 6.444057705178719
7882.2 24.51496323254418 6.7035351811902695
7885.0 10.63668049145286 7.262533550918977
7887.8 18.63787180772867 7.229627615711587
7890.6 12.215625779186034 6.99239853137033
7893.4 11.79479990354435 6.539781365527402
7896.2 18.32800885331424 5.40266207612965
7899.0 18.20495637584776 4.1308246733258445
7901.8 17.841664429914854 3.8386706336717342
7904.6 11.208332427469015 4.437447874012751
7907.4 6.2846868996040195 7.016733596666118
7910.2 18.01581122589056 8.812205749169864
7913.0 27.20953419501391 9.772932557531261
7915.8 12.484532734124473 10.374262374551318
7918.6 3.6291505050184845 9.763280951735247
7921.4 10.332327738559743 8.152215929447426
7924.2 19.59453956457487 7.358085620916816
7927.0 14.843121163612745 6.9687930459881935
7929.8 9.058050870077484 6.33383684733077
7932.6 12.12788658445532 5.975130887751675
7935.4 19.11143065970506 5.565064824859183
7938.2 14.597626960337896 4.619131613427746
7941.0 16.194520096882385 4.289431225687834
7943.8 23.38108105044807 4.775020146288192
7946.6 12.960823451927633 5.28163261329305
7949.4 15.179590425633762 5.317381197330681
7952.2 16.50674165096871 5.041763470989501
7955.0 12.631796984765693 4.723434882040941
7957.8 16.549495984607912 5.7030246594430185
7960.6 16.807625636988657 7.306714015451023
7963.4 23.681569065277127 8.088175748739715
7966.2 18.06873704071333 8.138595015150115
7969.0 11.026688907151245 7.591807951982534
7971.8 4.621009149636563 6.467980042238184
7974.6 12.915758098722252 6.22003941204406
7977.4 17.549631286760935 6.298991975968501
7980.2 11.07153617924043 6.360100615784611
7983.0 12.25015404011633 6.095487211493626
7985.8 15.110644920448589 6.466177533352502
7988.6 11.06217246907399 7.66332685834024
7991.4 16.730417066752608 8.471273506696692
7994.2 20.374445952447584 8.510546179112286
7997.0 11.523513287243302 8.077156067049916
7999.8 20.45057663725112 6.268526371904325
8002.6 16.46743268172769 4.381053022456252
8005.4 8.733696992186633 3.8795790881707193
8008.2 6.977980457632474 4.515153678722994
8011.0 13.009560313469292 5.265568888429624
8013.8 18.49100907382223 5.485741552282621
8016.6 17.313009597675762 5.875078284453573
8019.4 28.01105424607113 6.783815969895093
8022.2 23.17939419398424 7.473348424752127
8025.0 7.994027599784224 7.746646328692013
8027.8 13.160570639884476 7.688703948752983
8030.6 14.066902099001688 6.855807061283395
8033.4 6.650565346220168 5.2301929656160215
8036.2 18.51654133829875 3.88301066491842
8039.0 15.706885444479967 3.4839274509151283
8041.8 14.34538693400911 3.494949531429645
8044.6 11.549754382703382 3.8884624978880487
8047.4 13.352678654437312 4.546407130316826
8050.2 17.07280262262831 4.797378620826726
8053.0 8.57791416433431 5.026060585380907
8055.8 14.016534026814949 5.640588239482954
8058.6 19.175580035767688 5.914121544979789
8061.4 14.841521289536699 5.754256693930585
8064.2 14.147643178748709 5.661988367858162
8067.0 17.969533755704365 5.158745040555157
8069.8 9.19841306382853 4.112006353662071
8072.6 15.53200896764563 3.4983778542548216
8075.4 12.66896776239683 3.430394199050194
8078.2 11.773027858439844 3.536756605687526
8081.0 9.603500367576945 3.5982357163492984
8083.8 17.13522548483417 3.5650509331283913
8086.6 19.37757895447888 3.706465735360837
8089.4 14.787721047367556 3.9218969110262383
8092.2 16.21043202865616 3.9669914041572665
8095.0 15.108407002538597 4.259520218072705
8097.8 7.873428486763742 4.751241077597166
8100.6 10.413264736075421 4.81210937423991
8103.4 14.226863153386969 4.711825525685791
8106.2 21.32620227697735 4.5278536627325785
8109.0 20.211874752112276 3.9501439719878495
8111.8 13.373119556848362 3.420458863697412
8114.6 19.659305024185574 3.2198954817162195
8117.4 16.635809721725987 3.1871580526280847
8120.2 14.633682270441268 3.2026408329331146
8123.0 15.645513940554967 3.235331231455936
8125.8 13.666537622765025 3.2876938631657335
8128.6 16.12881052669086 3.347054016242685
8131.4 14.27152251488731 3.453988754272599
8134.2 15.288650345063568 3.632488459201558
8137.0 18.327047518557187 3.764178331108622
8139.8 19.64860482125543 3.9415753455057154
8142.6 13.078853878318196 4.0830476361705585
8145.4 8.855184047082117 4.001722295544706
8148.2 17.643675530613287 3.841261173345145
8151.0 14.709400190638817 3.6535078704165724
8153.8 14.788766325966167 3.373216945644718
8156.6 17.021934311530643 3.1491915079906567
8159.4 14.416593624245456 3.085640062968427
8162.2 13.376823703630752 3.090127000393382
8165.0 15.549173513299971 3.0653898934156976
8167.8 17.828493525970853 3.0634671394359523
8170.6 20.343303673346448 3.070685663397705
8173.4 19.032645709816954 3.0620348449277963
8176.2 17.092281655011256 3.0662007453137234
8179.0 16.277917250509944 3.090344132561295
8181.8 18.94807708616809 3.1755339408527163
8184.6 17.851159226711328 3.260720797878576
8187.4 12.696190719700672 3.371763170215865
8190.2 11.79958590597782 3.497228867007736
8193.0 9.701276810396475 3.521498753075397
8195.8 11.09687707847402 3.4938575420527735
8198.6 14.400596599918021 3.4804828267289616
8201.4 13.744799669935983 3.4632669697126564
8204.2 12.112226447609636 3.3668181104514776
8207.0 10.680405952772855 3.33848280372646
8209.8 12.084863224588192 3.305488775070577
8212.6 11.488765024291776 3.256263507683943
8215.4 11.840780862281239 3.2256257653497658
8218.2 15.664001896696023 3.205952728471882
8221.0 14.40595726818535 3.1762330532956735
8223.8 11.948718272824934 3.1396076809094287
8226.6 14.575711407569143 3.0817566876332
8229.4 18.72348308408622 3.049465849261499
8232.2 13.071192710368901 3.0405107568440957
8235.0 16.299711415501676 3.1148738727517404
8237.8 14.963703345856162 3.2698272451386035
8240.6 12.493593621379684 3.3808610783567454
8243.4 11.591437770865017 3.474286925212423
8246.2 9.953941292380357 3.4833407236659424
8249.0 16.543688723571282 3.4394080121342614
8251.8 16.722293508815543 3.390010424234996
8254.6 12.642675436745716 3.3028387005163307
8257.4 10.418685726013694 3.2375497050699233
8260.2 12.543226234249222 3.1933881159464486
8263.0 14.616203937685235 3.1402124305565855
8265.8 14.976707420930556 3.1530185675289926
8268.6 15.04659578669443 3.2015026645538773
8271.4 19.30870033304379 3.828145333516631
8274.2 13.224335184301305 5.512880358380291
8277.0 18.987084579193937 7.002957781852786
8279.8 26.329368401853852 8.291149973049736
8282.6 11.154492004445519 9.492071467200107
8285.4 17.502004373535293 9.869508092649589
8288.2 25.590872906890056 9.362744402504788
8291.0 18.676918868003867 9.538976906743374
8293.8 32.506609147294526 9.797334071450699
8296.6 28.39369156996418 9.471808249110216
8299.4 16.96008506247645 9.102701744129753
8302.2 15.299128390373303 8.588237981743408
8305.0 11.387330080487873 7.363285898268661
8307.8 14.491541459154098 6.108839587015095
8310.6 27.75032435523017 5.563174232152618
8313.4 24.472507865739622 5.479162062884167
8316.2 15.983208261034884 4.93281918759194
8319.0 17.039371219588848 3.989571476255249
8321.8 16.651166364703847 3.454818122710704
8324.6 13.194729623690975 3.282977025770584
8327.4 11.316836755716983 3.175249914228619
8330.2 17.69011666874761 3.187917043661177
8333.0 18.854066758927008 3.374374527687377
8335.8 17.078771673388463 4.975143339517285
8338.6 16.842365368028556 9.934671528521093
8341.4 17.34251910139627 12.450393359522316
8344.2 26.856921284122684 12.638076699034297
8347.0 10.946039437905208 13.336889040276352
8349.8 14.086634353880276 12.307817330898018
8352.6 18.430017795309194 9.51673182962188
8355.4 20.649240457267123 7.9802376355160725
8358.2 12.588831445313906 7.145251121601477
8361.0 11.24718222121041 6.2329887176025975
8363.8 13.13532136937086 5.617557758001469
8366.6 13.782614422735843 5.460165226533766
8369.4 14.784741101615275 4.9436227499549865
8372.2 9.209353578559583 4.222540041612664
8375.0 6.771067840108993 4.61902001320345
8377.8 20.242293537448038 5.965621324553869
8380.6 19.822403577013063 6.5904733387511305
8383.4 14.061725771227582 6.674894350186891
8386.2 19.63404520666055 6.274995788804892
8389.0 15.155749707161897 5.39255748370567
8391.8 2.3108211316438276 6.613639027479459
8394.6 23.596950073005782 9.535915244228647
8397.4 16.69336584688953 10.6637270265066
8400.2 23.78775329995355 10.512762744407599
8403.0 14.711331805561844 9.9452131642757
8405.8 8.531542479681013 7.396832058942191
8408.6 22.991653926243178 6.136804426932968
8411.4 24.412529179141238 6.524749239830435
8414.2 18.00574534179607 7.002837935294525
8417.0 23.710185503966432 7.0926364416920356
8419.8 24.979733191297296 6.715769225638011
8422.6 26.461224609642887 7.548986880955557
8425.4 29.27121871969348 10.167596083082007
8428.2 3.4938153717328637 11.53889153128901
8431.0 -1.5556530221136033 11.479428063423985
8433.8 -16.476124923754416 10.972307215870199
8436.6 7.776729842381722 8.093970493553334
8439.4 22.163079854798408 4.66883242782226
8442.2 13.190860251731458 4.068762926116309
8445.0 14.874757405118517 5.195432452890502
8447.8 10.397308892428727 6.708825126228896
8450.6 10.05009976552373 7.186345516070256
8453.4 16.292995122296908 7.047012436106028
8456.2 12.931230512463786 6.907410085039241
8459.0 14.796187422165916 7.97814164748777
8461.8 13.278378898870203 9.284692138661987
8464.6 14.61663853778367 9.702461739205004
8467.4 21.130387175882976 9.678029236961954
8470.2 16.411203711279754 8.610876652271022
8473.0 13.23286747233966 5.722618676868866
8475.8 6.372623603464656 3.83399085157153
8478.6 17.59357416617946 3.4025544160218457
8481.4 19.36574295951503 3.2334636991466144
8484.2 16.25400136678721 3.444653817136409
8487.0 12.539240875233022 4.47235956805
8489.8 18.929335409994465 5.569900333713603
8492.6 16.352354085194914 5.821038324350309
8495.4 22.39547544337355 6.069768918226484
8498.2 15.910750988447832 7.011403350608275
8501.0 20.63986730624637 7.637118286449353
8503.8 26.69187459073279 7.710625127551559
8506.6 23.992646183507933 7.5943511637288506
8509.4 22.629155487339183 6.834672933161799
8512.2 14.453741322304964 4.848389803362072
8515.0 12.612535346527084 3.5001267308650075
8517.8 18.42238226105006 3.2394544875373357
8520.6 20.52040635823218 3.2335633305324474
8523.4 19.313693449849733 3.2477323677102397
8526.2 18.91332089268129 3.1269048409352087
8529.0 19.485800464713673 3.13938091341178
8531.8 19.69840048298437 3.63066036497951
8534.6 17.37968901325608 4.2652120922977605
8537.4 18.439113287352086 4.4920252183314355
8540.2 17.89278086553516 4.897153982873777
8543.0 23.16646956941869 5.632347185339593
8545.8 27.971243493177756 5.884720558968737
8548.6 22.429782501908182 5.8090323408775335
8551.4 15.33055098502181 5.606113093746987
8554.2 24.903122024032502 4.940992454558818
8557.0 17.811086596567765 3.7798296098790827
8559.8 21.46779700219532 3.158615973778202
8562.6 15.781069861735903 3.1116922513869567
8565.4 13.867639103090191 3.201775065532222
8568.2 15.399384792587856 3.404208136027941
8571.0 15.25773587656882 3.650011272416631
8573.8 18.517987677107868 3.7091771602616137
8576.6 10.543719750341497 3.6079960181954758
8579.4 13.53975369505507 3.5551434527309125
8582.2 14.763661194151538 3.7255002091975706
8585.0 12.850245332916945 3.941944204813957
8587.8 16.449308299183926 4.098613837200265
8590.6 13.925690185823505 4.489809942440507
8593.4 15.761372281667398 4.744959056974412
8596.2 22.131859407860492 4.56406551641912
8599.0 14.86910126261387 4.464585637849649
8601.8 19.323091834854363 4.294424211683387
8604.6 21.31793117101013 4.020365835758555
8607.4 15.970065317535 4.106972177896599
8610.2 11.377639747827306 4.782256732497013
8613.0 21.60684528503154 5.748263035941091
8615.8 21.11649953237039 6.842193838152802
8618.6 9.695207049451238 7.926373600844275
8621.4 11.675994576181912 8.993493581795196
8624.2 14.919740257011211 9.771471677899857
8627.0 5.011267832169276 10.209475914208996
8629.8 16.476061243812406 10.305379531953697
8632.6 20.058879162458037 10.056456521483693
8635.4 16.64002042026397 9.356851949127027
8638.2 19.994448360482014 8.37400952183737
8641.0 17.629227085978215 7.38418766687565
8643.8 21.6355943725178 7.096711850647263
8646.6 13.627522360531644 7.446149695987446
8649.4 7.506232466843898 8.333830434550588
8652.2 23.753022196530736 9.348116113926428
8655.0 30.155826750555725 10.003572240916885
8657.8 20.696763300457814 10.183441918675484
8660.6 13.426483433089784 10.160385204490183
8663.4 21.28951143131796 9.992561410999077
8666.2 20.93595635187728 9.793045799456506
8669.0 19.119225217461377 9.30924678988254
8671.8 23.37883012197301 8.767850574405246
8674.6 21.144895487684764 8.169975443531305
8677.4 21.958162179332216 7.452399014098673
8680.2 16.83755951787612 6.868111509708488
8683.0 16.470834007331156 6.271630205291291
8685.8 23.299916238234747 5.754883388112787
8688.6 19.972705812862056 5.300797852068654
8691.4 24.090770120279878 4.931850094730903
8694.2 26.41007961635754 4.714948629247195
8697.0 22.27578930322072 4.583265502926645
8699.8 27.99138694650228 4.479926111181613
8702.6 35.473656484880465 4.503380679519711
8705.4 31.582124740414017 4.397023517797769
8708.2 29.598406337913787 4.1572448371601745
8711.0 32.76556255469384 3.9332154544373634
8713.8 31.897035306020403 3.6663373618788246
8716.6 27.004855510071575 3.4443877353370795
8719.4 20.819601746183363 3.4065386690436013
8722.2 20.309268346373255 3.4326733882335607
8725.0 14.880708880177066 3.42588745374837
8727.8 17.9379585932483 3.4324142733320127
8730.6 20.390888613037585 3.4427054194970172
8733.4 22.599683790865853 3.466404242500936
8736.2 21.3276354024309 3.5338007355415786
8739.0 16.554690737323828 3.6101578341239127
8741.8 18.292444987994113 3.652275485842061
8744.6 21.88571151847877 3.6452631182891526
8747.4 20.614799089967953 3.593930383029557
8750.2 19.125896866438794 3.745870178604247
8753.0 22.063307881586308 5.706631500111635
8755.8 11.611886982472504 8.518854307341238
8758.6 17.302646739923468 10.579192493813997
8761.4 22.168459679779616 12.71402888683604
8764.2 34.394464291503645 13.947803770832854
8767.0 37.25737340960402 13.228665430024861
8769.8 15.896350025802706 12.86239898414159
8772.6 15.346609304699454 13.283101156936603
8775.4 27.409069262518706 12.704103216419814
8778.2 27.647567255357263 11.81000656080639
8781.0 18.87475753576427 11.214802259449261
8783.8 32.879048341762065 9.503427136645882
8786.6 29.64218899972304 7.640792665034677
8789.4 18.416050488495948 7.0121984407425675
8792.2 21.1056928199476 6.984560985332653
8795.0 19.99699483633639 6.6560793896633434
8797.8 18.877060653546287 5.180711630996904
8800.6 21.260331923626698 3.796489413079698
8803.4 20.41792703547431 3.642605177685211
8806.2 25.140696236470944 3.8563156965620315
8809.0 24.503926668149642 3.9862580667372574
8811.8 20.252769130099505 3.9681741754996387
8814.6 18.819957962994184 3.93062857650633
8817.4 20.842609777900464 5.520428874938774
8820.2 20.896758387126454 12.163660657148512
8823.0 30.028519512898026 17.136900989135537
8825.8 29.4901246762612 16.915298149540966
8828.6 38.24664520976808 17.446949063679597
8831.4 37.576712098980686 17.62300314848568
8834.2 19.261876595810932 14.69544583867525
8837.0 33.67385047488788 11.328099141562797
8839.8 25.82308425290315 9.884973547414415
8842.6 28.354311547369168 8.15516753047147
8845.4 38.005791149497696 6.741724834632618
8848.2 26.4692670382022 6.443274810013451
8851.0 19.885638047342585 6.399562448132236
8853.8 18.749204393349753 6.047741406465232
8856.6 20.454889297651377 5.07079472062032
8859.4 21.771583825864482 5.124736416317616
8862.2 14.763304394441386 7.193895660465954
8865.0 21.260400825954317 8.390726481607517
8867.8 24.037856375344454 8.560168302712723
8870.6 22.110822489774847 8.364033210819349
8873.4 13.045820149486238 6.7077720621816805
8876.2 16.60083825023104 5.76003789293647
8879.0 19.49337680197469 8.963810158576216
8881.8 32.27808875670547 13.077248197253486
8884.6 27.82458407270983 13.488035233485757
8887.4 20.855371608361818 13.429764301310305
8890.2 41.23797945776537 12.664408891816533
8893.0 45.437857180327136 8.695975781378511
8895.8 30.931360002687278 7.1295037423611065
8898.6 44.79909308230318 8.352638666920793
8901.4 43.80703483880077 9.234153330016083
8904.2 35.762804502166105 9.339850253576277
8907.0 43.55235484579728 9.034034435971503
8909.8 20.740562852063608 7.7635481186960025
8912.6 21.47580983213511 9.775397153488402
8915.4 24.283647010744637 13.964876886271533
8918.2 48.52075321631237 14.837614236026903
8921.0 46.258356133962096 14.716779304087453
8923.8 34.895063977724696 14.125813234465529
8926.6 13.395476524007249 9.55554742286769
8929.4 22.67831907242937 5.620764434436453
8932.2 23.95966109273861 4.632587241528401
8935.0 21.855700353641332 5.105394392736089
8937.8 14.926642049844299 7.101803263844536
8940.6 20.33655802798989 8.565164385620138
8943.4 7.4323910254823256 8.78247558180805
8946.2 0.8611497722942305 8.592306411284842
8949.0 13.844376209447063 8.075847161448653
8951.8 23.216123131202266 9.928442572706631
8954.6 1.3188413448307332 12.495001363146796
8957.4 9.396414977364099 12.781606110917487
8960.2 31.18882441497766 12.823116860307561
8963.0 16.088607966452155 11.555765783063274
8965.8 16.640670367708783 7.1757167974670875
8968.6 14.314798600937456 4.537096099023164
8971.4 14.546815508794126 4.111305244155204
8974.2 21.968534232605556 4.180916916496274
8977.0 19.26237783822854 4.2582232835695395
8979.8 17.44086356126507 4.704709643319347
8982.6 22.57638053728034 6.343162571503374
8985.4 32.06926172146913 7.479462045246075
8988.2 36.47995817434093 7.667538767012793
8991.0 34.6472944871158 7.634731451151743
8993.8 37.68622045016606 8.03146597711431
8996.6 44.74687588035647 9.269006982551499
8999.4 30.00791009727438 11.091474137249916
9002.2 26.913773197005924 11.07428510763186
9005.0 28.705768612595023 10.541654582131166
9007.8 40.196361663153624 7.759227706208162
9010.6 31.614593943290114 4.5442945892407645
9013.4 33.785771428058496 3.7679089892642854
9016.2 35.30126155484997 3.8230061937500492
9019.0 31.900747224536914 3.7900542773225845
9021.8 26.879552451145834 3.939454393762164
9024.6 33.12197437706315 4.122395749132789
9027.4 36.452443550647196 4.082028786291358
9030.2 37.81597818536327 4.515197386519432
9033.0 45.34570578275368 5.544218206928134
9035.8 42.69270300596394 6.070349329345309
9038.6 30.523766394342967 6.161031102087006
9041.4 34.862835233770554 6.636660244601137
9044.2 31.544705915969935 7.584865203199687
9047.0 24.65296494519781 7.854373519742368
9049.8 26.890321914136088 7.89183355563299
9052.6 32.099876722664504 7.82462855978491
9055.4 26.851469605978295 6.643260859099396
9058.2 24.480342655042104 4.844555748767845
9061.0 25.657662146039076 4.322979895921886
9063.8 24.37894122124799 4.366910901841841
9066.6 27.647061784483455 4.463260082326808
9069.4 26.8758133322842 4.534246674039498
9072.2 24.610695917155034 4.386009238597192
9075.0 21.283279713435387 4.062774244597009
9077.8 20.1996279902379 3.9038976555100295
9080.6 21.861576889507646 3.926041542106483
9083.4 29.82964697596671 3.999786971030614
9086.2 24.598406375740158 4.727225515594277
9089.0 20.48691966199793 5.328045349421508
9091.8 24.546392063259038 5.462226449027038
9094.6 27.326571366557406 5.813300791203155
9097.4 27.77222914678561 6.545736842833071
9100.2 23.18881399620855 6.6366344349656
9103.0 24.165937048314095 6.401115919743662
9105.8 26.418964465913067 6.285119707418405
9108.6 26.375442059165568 5.363663997029296
9111.4 27.75244771339929 4.033401382124635
9114.2 30.978428942343175 3.645884100286567
9117.0 32.597531913204044 3.673006618749488
9119.8 31.111669332018742 3.661441008755414
9122.6 29.62782905448573 3.5774849993719138
9125.4 32.85739611370495 3.6121594448147762
9128.2 36.05613661622575 3.7913187427368
9131.0 38.297067982284915 3.9512637312213235
9133.8 37.24746784505217 4.042294274428307
9136.6 40.80908197199504 4.0862497401033675
9139.4 38.68534586082141 3.922874919480859
9142.2 34.90801143526021 3.867590683167427
9145.0 30.95285626398409 4.281301503620608
9147.8 33.65214291506521 4.945573769443548
9150.6 30.715897044513447 5.499286222985576
9153.4 32.909882859868816 6.144134189581666
9156.2 47.16802847957995 6.55123630497358
9159.0 34.66574535360579 6.159721038495889
9161.8 25.28312700159076 5.73212623969745
9164.6 23.908527317669204 5.3773011440561325
9167.4 23.337837675355637 4.741796860675078
9170.2 31.92452037216609 4.116943986475873
9173.0 41.566327581476116 4.0428003416643294
9175.8 28.858354726119863 4.0637712299421
9178.6 22.03368208950543 3.9871126493458386
9181.4 29.185253786677347 3.9604845359216116
9184.2 29.201257117023648 3.9476789822235703
9187.0 24.728116154138153 3.827734207235755
9189.8 22.04761868823371 3.7463046537440925
9192.6 26.25139000081845 3.7784520143109046
9195.4 26.50733009254113 3.813699446413921
9198.2 30.074654769417194 3.775451835385829
9201.0 30.793436040299937 3.793941013697584
9203.8 29.637555460151404 3.867044315098305
9206.6 26.70108838898808 3.9685497056288077
9209.4 25.38193571132953 4.303224272010369
9212.2 31.324747343905788 4.742385396652873
9215.0 31.162813616069116 5.022468741354171
9217.8 36.46053700315794 5.384584162324589
9220.6 35.55000672992011 5.719595166398142
9223.4 38.92688478219541 5.659477048494002
9226.2 35.841855624171565 5.415540588026956
9229.0 25.321297044190477 5.15495486810886
9231.8 33.89950902090944 4.598390413750353
9234.6 35.69575392822933 4.0917641469513
9237.4 30.42886806056885 3.908711447562438
9240.2 27.71040970087228 3.9276712145899655
9243.0 27.3271787268774 4.158934104657079
9245.8 24.85398003792146 4.473871695673336
9248.6 30.626307867044044 4.650970333446511
9251.4 27.666919748354015 4.722872342434181
9254.2 17.18183764353452 4.686022565502607
9257.0 21.206837482384955 4.7453322655450725
9259.8 22.778831437633787 4.841934506458974
9262.6 17.526394878360975 4.842042614079759
9265.4 11.59040327884491 4.813602159483812
9268.2 19.974479716723067 4.646169405534098
9271.0 24.977548510776852 4.330442339424557
9273.8 19.331469398674137 4.029581066360917
9276.6 21.909974628857533 4.013137004370951
9279.4 21.5497812209068 4.381554634056427
9282.2 26.867521082032823 4.863432671832672
9285.0 30.895673494972705 5.304970207962251
9287.8 29.59583533965477 5.846238169398497
9290.6 23.902673922351543 6.429185768723371
9293.4 28.714323912829705 6.184413673627259
9296.2 29.609332233290676 6.171344180840152
9299.0 36.304531011820984 8.682071083915366
9301.8 22.117349609749784 13.989774875218858
9304.6 23.854388169253596 18.993850416537175
9307.4 68.4836014240323 24.100349567218597
9310.2 93.7600322096146 27.27388578154768
9313.0 39.5028424946156 27.153488670965483
9315.8 29.995141926900427 28.528257360690564
9318.6 19.943718880131776 27.90501768053108
9321.4 37.36895036696096 25.14692913861124
9324.2 53.756600256078514 23.604454903103317
9327.0 47.466688399595434 22.28538683521674
9329.8 62.02854818067411 17.356457842542536
9332.6 49.596486506338245 14.79633969082588
9335.4 44.440704818270035 14.493658965113209
9338.2 42.07048256424958 14.324638203784763
9341.0 42.990871428778014 14.671922088958048
9343.8 39.33641332492214 13.517990354677995
9346.6 32.135684746639036 9.380039984799923
9349.4 39.63879234168249 7.866943752436905
9352.2 43.971309449346116 8.354638304006526
9355.0 53.37802757207395 8.891706360640136
9357.8 39.8132236944958 8.207439741654325
9360.6 33.87835513795801 7.369728774986175
9363.4 24.972795650327445 7.791616290555575
9366.2 41.99081981725139 11.962595175998258
9369.0 48.94351595360484 27.890127146896795
9371.8 47.978942454145034 38.30580060697161
9374.6 64.082538807063 34.61267155279809
9377.4 53.38711606136589 36.25499337786819
9380.2 -17.712516610757284 37.60376164298551
9383.0 24.537919668549037 24.136031047144524
9385.8 46.26651120604341 14.337164626997698
9388.6 36.7912220117627 10.222519165015012
9391.4 40.725317380662474 8.216768516056934
9394.2 46.16654816914181 8.085555713678213
9397.0 32.93393491758075 9.989546845935141
9399.8 38.317355357427296 11.593788626299974
9402.6 38.52101812764737 11.597279817851343
9405.4 31.296871621361642 11.108730070933108
9408.2 49.283401758886264 9.025631736064511
9411.0 44.07325296259789 8.008020343775929
9413.8 13.435041123878905 11.072590230330732
9416.6 20.516236909141075 14.282203661774709
9419.4 36.197396502819245 14.921961063792196
9422.2 40.086062161567305 15.322284744649636
9425.0 39.12403370387424 14.575849555673503
9427.8 55.72243069134196 10.497661680057673
9430.6 44.27258640720559 11.27582235723534
9433.4 35.12834261291415 18.340353550995165
9436.2 56.6565440619079 26.6425085000022
9439.0 38.58638123697651 29.897568677842273
9441.8 29.80099366929618 31.90499525307408
9444.6 46.083726102595165 25.15005495545485
9447.4 49.44207072307456 14.460285711389341
9450.2 44.47751146828682 11.77374477183847
9453.0 52.737824976587525 15.616368902566093
9455.8 53.18531068022075 19.41494393417441
9458.6 69.78180971050392 19.975570206857416
9461.4 60.68907783926976 19.437026185953158
9464.2 40.60252723332316 14.268294781058485
9467.0 18.681144252491762 10.800282788991282
9469.8 17.364024952888222 15.517169836990831
9472.6 44.763106716827885 23.512312263228214
9475.4 25.305179831510017 25.61264108844716
9478.2 35.28761721714923 27.22683147623711
9481.0 21.03215310474619 27.472126419938867
9483.8 35.69961413203554 17.425383828666288
9486.6 29.626943180093765 9.13121165498327
9489.4 35.17252278587318 7.2457759413561975
9492.2 39.3234280771088 7.807245234231675
9495.0 36.57687514364989 10.849377095739651
9497.8 37.44439045337948 16.70542620519792
9500.6 43.93766435045677 18.970656860728656
9503.4 54.681305328713485 17.069128538415523
9506.2 62.38138502209353 15.242155862837226
9509.0 25.01486187828681 12.517077196145806
9511.8 28.36916627979074 12.506511096195789
9514.6 19.34923995084538 18.488302407014856
9517.4 36.41551990930926 22.676900247576544
9520.2 29.774022757343396 23.233842033727537
9523.0 37.53370389584051 22.342839826717668
9525.8 57.12412645472571 16.226998913584726
9528.6 45.981377384884084 10.101096655449183
9531.4 45.29391273740188 8.592006782537407
9534.2 40.527874114920756 8.429344729005598
9537.0 31.974861899046836 8.165202675375747
9539.8 36.5877721638701 7.704694764660774
9542.6 35.11748224645322 7.779492871215858
9545.4 36.34387216601986 9.977221682999527
9548.2 51.99701714031169 12.851055799828016
9551.0 43.247189504539676 14.075056817835248
9553.8 19.141184783377213 15.234970850315392
9556.6 30.973308541725334 14.47282073925973
9559.4 22.965556061143598 14.368523072829856
9562.2 8.755729211262661 18.220376046897776
9565.0 21.881787788053813 21.451890554540327
9567.8 27.58126164882805 20.55048515315007
9570.6 25.863806240574306 19.692308426073655
9573.4 23.18691472168094 14.629770519965966
9576.2 24.757808905171686 8.90048820958135
9579.0 14.28446527717213 6.797520265282193
9581.8 27.20922738635181 6.255176762775887
9584.6 24.29045974269329 6.014164731661393
9587.4 21.027933025281335 6.329357849045739
9590.2 27.70339767324017 6.682532643987887
9593.0 28.242781176448183 6.616058508966672
9595.8 25.736549961126855 6.339481466892336
9598.6 25.723753639213758 6.792841337394661
9601.4 32.71292978465422 8.873693279318765
9604.2 25.513593619960883 10.936453198073197
9607.0 31.25741904351799 11.308835169125455
9609.8 28.163284910424164 10.880310015011727
9612.6 40.26778124550122 10.936687208043892
9615.4 20.31908292967157 11.884942852457522
9618.2 12.915339031336739 12.957928090083874
9621.0 26.44601936867878 13.613304761805404
9623.8 33.193496034838994 13.429989377721547
9626.6 30.391079212712683 11.193412543258361
9629.4 28.266433805376103 8.097639036443988
9632.2 35.35437238265139 6.849128328047427
9635.0 40.53147959599196 6.683213572103108
9637.8 40.27020117462057 6.441086652318661
9640.6 28.984348487801526 6.029033442665676
9643.4 30.34128237528232 5.988674673681286
9646.2 38.78972713001675 6.415058433866329
9649.0 34.164196352670835 6.747052445482287
9651.8 34.9630170858834 7.14501369008702
9654.6 33.038648273253905 7.678994802006305
9657.4 27.062539211093355 8.031837627154093
9660.2 38.82683225557296 8.811726938696557
9663.0 50.97829478345735 10.80950150356675
9665.8 43.724289388080486 11.924723395600221
9668.6 41.205879142026355 12.129185879688169
9671.4 49.795340755630164 12.335593040132501
9674.2 44.12682941005941 12.982372888992671
9677.0 29.8835995214673 14.103200853044154
9679.8 18.44022975715491 14.759104136621827
9682.6 8.897575955551433 14.744397286694573
9685.4 9.595711965702494 14.231872024154608
9688.2 35.81029228933537 12.005635912846424
9691.0 35.128615325600606 11.511770958626448
9693.8 44.86472238069481 13.783778740248907
9696.6 43.566335603686326 15.127490228002092
9699.4 37.274537496021686 15.152948151660487
9702.2 33.529667124619984 14.906001617240213
9705.0 44.69328945813166 13.505516388507463
9707.8 26.39869484180029 11.746006541555102
9710.6 27.581897479771982 12.057159080350395
9713.4 39.92853766826991 15.031915819076987
9716.2 29.41472379394339 17.42446077840882
9719.0 32.37082459169952 17.03236399582071
9721.8 31.030287232710986 16.775768448977868
9724.6 46.661389353487536 15.469362267437244
9727.4 57.565416247788576 12.076431206232558
9730.2 47.67941929403491 11.198818214409489
9733.0 37.06568333249568 12.188028126698692
9735.8 35.765234595491044 13.043409099582064
9738.6 29.764256683674688 13.226125992081244
9741.4 10.389877384695042 13.007164473239323
9744.2 27.938700592699565 11.516185387102464
9747.0 32.26796204249842 9.919880962339628
9749.8 25.409673371101174 9.07691669770281
9752.6 35.430710095716044 7.862055236378004
9755.4 33.39207983311249 6.9036544853403115
9758.2 31.00368695320252 6.665486621386393
9761.0 26.83203104970356 6.546806225802526
9763.8 29.915197730398503 6.392172200880487
9766.6 35.85581797184556 6.290107957027178
9769.4 39.881783256409335 6.376679045853111
9772.2 40.993374593321846 6.662067181559694
9775.0 38.17161351896682 7.1885892735691055
9777.8 30.506933461097066 7.814337089873396
9780.6 35.55398232812376 9.094917227219895
9783.4 21.3685269352159 15.684845321221685
9786.2 32.4423351359011 23.417711306069624
9789.0 38.17439916226194 26.068408864115735
9791.8 -10.626223460068427 26.66456183461014
9794.6 -14.148253327598251 28.231931920879546
9797.4 20.11027149538375 24.182360342845296
9800.2 30.26609956909502 19.40832030488055
9803.0 26.267533402809093 16.843552611392635
9805.8 27.963751983240723 14.548889387985371
9808.6 19.434352818351933 13.12691138846315
9811.4 30.734146296669948 12.97674562514518
9814.2 41.661026538585475 12.759693227263126
9817.0 43.66218521139542 11.687462755654515
9819.8 36.03499680184466 10.350476865988545
9822.6 35.61907041641116 9.636270030769738
9825.4 52.62238250894462 9.29115084321121
9828.2 37.66425455604911 9.052931511472059
9831.0 24.127225119913525 8.997149046924072
9833.8 38.868710240837586 8.63394493412532
9836.6 28.70530224933294 8.198782329687035
9839.4 25.98635151139237 8.713659184759004
9842.2 45.41321695097759 11.690939013244295
9845.0 44.855698106194616 14.023781820474598
9847.8 28.708926166561138 14.497006096082513
9850.6 17.76297993961705 14.457546076292841
9853.4 19.07134589046964 13.149101161413208
9856.2 27.482280412709798 10.464951890894996
9859.0 30.18262837184283 9.407837393053745
9861.8 28.762480137787488 10.177805268179927
9864.6 17.0368925119682 15.47954607929456
9867.4 11.313960667597591 22.445697471954645
9870.2 33.98377088909212 24.48974673490281
9873.0 32.398451551518875 24.627844584276747
9875.8 22.870822498416906 23.939883578376705
9878.6 25.80092866995003 18.47111542510185
9881.4 37.651179632080364 13.503814883817954
9884.2 25.475123504898654 12.205158768222452
9887.0 25.391490594020837 13.285866506047828
9889.8 42.03836144496849 16.523522198377982
9892.6 47.62850381125985 17.90654568201242
9895.4 28.897979298153693 18.198403588400012
9898.2 18.0830152093006 17.823841450615145
9901.0 43.97637605408899 15.133646266193205
9903.8 41.59634078320518 13.354307829229414
9906.6 33.69348279145532 16.523366714327175
9909.4 3.3937539082924335 24.048272347998935
9912.2 32.84441306533005 27.347407190602823
9915.0 45.279395472247444 27.27344870806836
9917.8 52.679203128469425 27.525112241328976
9920.6 65.21250077771238 22.49915015953388
9923.4 21.93167785885522 16.157500306121527
9926.2 19.655761899968468 13.898228068977524
9929.0 28.971775582240827 13.438264878165521
9931.8 21.29641438733618 14.144554894038933
9934.6 30.455804379792735 17.933934254379945
9937.4 40.57816622852075 24.794125149299678
9940.2 10.937243336126016 32.6989962309897
9943.0 -9.112952371603445 37.711151781490294
9945.8 47.021150670125756 37.93724361930851
9948.6 91.9090810327233 37.684442757205744
9951.4 101.52430320784644 36.87759681320511
9954.2 33.80759869794909 35.67540237695639
9957.0 7.567342016027742 35.932748704687306
9959.8 22.33157221378284 36.62618036672981
9962.6 73.49274566699872 34.1859762000189
9965.4 71.33412565335236 30.37940071185195
9968.2 66.62545111589324 26.070970187909815
9971.0 42.48343520509097 22.63577820615161
9973.8 40.269433601411954 21.385181122441075
9976.6 45.78321768525947 20.554566613581464
9979.4 27.610594980464874 18.16171707877218
9982.2 21.25543713790352 16.15174447240255
9985.0 34.007842512491145 14.939921146925345
9987.8 43.36444490550725 14.398657072451428
9990.6 35.9916438701089 14.715154392082367
9993.4 6.278484785577675 16.494819795876865
9996.2 14.506210556991878 18.780552731081123
